6.763000
6.909000
7.049000
7.173000
7.320000
7.474000
7.635000
7.866000
8.030000
8.238000
8.361000
8.624000
8.765000
8.902000
9.149000
9.279000
9.424000
9.615000
9.783000
9.968000
10.166000
10.424000
10.603000
10.801000
10.958000
11.108000
11.310000
11.515000
11.749000
11.892000
12.054000
12.175000
12.322000
12.451000
12.601000
12.727000
12.862000
13.138000
13.315000
13.472000
13.649000
13.795000
13.971000
14.175000
14.335000
14.529000
14.759000
14.947000
15.103000
15.262000
15.366000
15.496000
15.627000
15.814000
15.994000
16.171000
16.360000
16.549000
16.690000
16.824000
17.036000
17.195000
17.340000
17.542000
17.680000
17.825000
18.025000
18.217000
18.420000
18.586000
18.736000
18.909000
19.051000
19.226000
19.356000
19.640000
19.794000
19.951000
20.083000
20.270000
20.451000
20.543000
20.718000
20.933000
21.032000
21.196000
21.345000
21.493000
21.644000
21.826000
22.011000
22.254000
22.427000
22.633000
22.815000
22.994000
23.134000
23.334000
23.528000
23.705000
23.902000
24.245000
24.386000
24.532000
24.689000
24.817000
25.004000
25.209000
25.375000
25.525000
25.671000
25.945000
26.091000
26.236000
26.486000
26.658000
26.822000
26.963000
27.116000
27.260000
27.407000
27.528000
27.741000
27.916000
28.047000
28.173000
28.288000
28.442000
28.608000
28.768000
28.941000
29.113000
29.240000
29.386000
29.529000
29.654000
29.798000
29.946000
30.088000
30.217000
30.352000
30.568000
30.722000
30.850000
30.989000
31.138000
31.320000
31.502000
31.651000
31.800000
31.969000
32.115000
32.249000
32.391000
32.554000
32.716000
32.844000
32.999000
33.171000
33.378000
33.549000
33.704000
33.901000
34.061000
34.235000
34.385000
34.605000
34.813000
34.988000
35.202000
35.389000
35.621000
35.751000
35.954000
36.178000
36.318000
36.462000
36.622000
36.802000
36.886000
37.162000
37.252000
37.444000
37.607000
37.826000
38.020000
38.193000
38.341000
38.524000
38.658000
38.838000
39.164000
39.439000
39.652000
39.864000
40.006000
40.147000
40.293000
40.410000
40.586000
40.730000
40.935000
41.124000
41.300000
41.501000
41.742000
41.928000
42.098000
42.232000
42.358000
42.493000
42.627000
42.759000
42.916000
43.059000
43.175000
43.314000
43.451000
43.604000
43.735000
43.920000
44.064000
44.214000
44.416000
44.520000
44.741000
44.836000
45.027000
45.170000
45.319000
45.501000
45.580000
45.708000
45.914000
46.081000
46.183000
46.440000
46.560000
46.677000
46.820000
47.022000
47.164000
47.278000
47.444000
47.549000
47.684000
47.844000
47.983000
48.123000
48.406000
48.540000
48.729000
48.866000
48.973000
49.113000
49.260000
49.412000
49.610000
49.856000
49.965000
50.122000
50.243000
50.363000
50.605000
50.738000
50.920000
51.093000
51.237000
51.422000
51.551000
51.676000
51.865000
51.990000
52.149000
52.343000
52.575000
52.711000
53.145000
53.343000
53.525000
53.776000
53.966000
54.117000
54.291000
54.483000
54.661000
54.828000
55.007000
55.180000
55.358000
55.535000
55.748000
55.887000
56.005000
56.140000
56.309000
56.541000
56.670000
56.824000
57.006000
57.153000
57.317000
57.460000
57.612000
57.770000
57.938000
58.104000
58.250000
58.389000
58.522000
58.648000
58.779000
58.980000
59.169000
59.382000
59.524000
59.671000
59.869000
60.011000
60.148000
60.330000
60.655000
60.811000
60.970000
61.163000
61.313000
61.425000
61.555000
61.700000
61.873000
61.985000
62.218000
62.285000
62.443000
62.537000
62.718000
62.896000
63.050000
63.181000
63.304000
63.488000
63.671000
63.818000
63.937000
64.095000
64.266000
64.419000
64.648000
64.829000
64.985000
65.129000
65.279000
65.527000
65.694000
65.886000
66.192000
66.320000
66.462000
66.603000
66.762000
66.906000
67.095000
67.234000
67.447000
67.593000
67.719000
67.869000
68.007000
68.138000
68.302000
68.451000
68.591000
68.825000
68.962000
69.110000
69.251000
69.377000
69.554000
69.703000
69.842000
69.983000
70.156000
70.218000
70.359000
70.467000
70.617000
70.789000
70.943000
71.099000
71.245000
71.433000
71.579000
71.760000
71.914000
72.055000
72.233000
72.422000
72.700000
72.842000
72.975000
73.161000
73.374000
73.554000
73.794000
74.009000
74.221000
74.448000
74.656000
74.839000
75.032000
75.407000
75.593000
75.790000
75.942000
76.079000
76.242000
76.382000
76.572000
76.800000
77.027000
77.240000
77.489000
77.656000
77.840000
78.000000
78.183000
78.359000
78.539000
78.731000
78.909000
79.039000
79.174000
79.315000
79.449000
79.580000
79.719000
79.875000
80.040000
80.246000
80.382000
80.507000
80.688000
80.999000
81.163000
81.304000
81.487000
81.637000
81.771000
81.934000
82.064000
82.189000
82.399000
82.675000
82.797000
82.964000
83.103000
83.196000
83.409000
83.545000
83.690000
83.831000
84.228000
84.427000
84.575000
84.737000
84.965000
85.164000
85.367000
85.511000
85.679000
85.871000
86.052000
86.231000
86.372000
86.523000
86.703000
86.891000
87.087000
87.357000
87.603000
87.756000
87.925000
88.143000
88.322000
88.596000
88.744000
88.918000
89.109000
89.274000
89.437000
89.634000
89.744000
89.887000
90.095000
90.189000
90.337000
90.475000
90.634000
90.809000
90.984000
91.157000
91.314000
91.507000
91.677000
91.858000
92.061000
92.240000
92.403000
92.544000
92.680000
92.843000
93.027000
93.216000
93.438000
93.713000
93.843000
94.077000
94.182000
94.441000
94.589000
94.804000
95.028000
95.225000
95.382000
95.560000
95.706000
95.836000
95.993000
96.134000
96.282000
96.586000
96.771000
96.911000
97.060000
97.191000
97.307000
97.452000
97.614000
97.763000
97.894000
98.118000
98.247000
98.386000
98.613000
98.758000
98.915000
99.071000
99.208000
99.332000
99.497000
99.633000
99.814000
100.013000
100.308000
100.475000
100.606000
100.737000
100.881000
101.028000
101.224000
101.352000
101.500000
101.669000
101.830000
101.997000
102.109000
102.380000
102.558000
102.750000
102.944000
103.129000
103.312000
103.542000
103.768000
103.952000
104.117000
104.307000
104.483000
104.646000
104.824000
105.082000
105.257000
105.488000
105.632000
105.796000
105.990000
106.135000
106.327000
106.510000
106.670000
106.855000
107.028000
107.190000
107.364000
107.563000
107.743000
107.881000
108.084000
108.259000
108.393000
108.536000
108.689000
108.869000
109.072000
109.247000
109.393000
109.557000
109.777000
109.935000
110.126000
110.306000
110.613000
110.794000
110.928000
111.094000
111.260000
111.397000
111.565000
111.702000
111.873000
112.057000
112.238000
112.404000
112.566000
112.739000
112.945000
113.136000
113.340000
113.520000
113.694000
113.997000
114.152000
114.325000
114.530000
114.711000
114.887000
115.077000
115.250000
115.413000
115.540000
115.769000
115.964000
116.123000
116.304000
116.433000
116.611000
116.796000
116.980000
117.159000
117.315000
117.524000
117.745000
117.927000
118.089000
118.258000
118.406000
118.648000
118.803000
118.965000
119.167000
119.362000
119.537000
119.715000
119.883000
120.192000
120.383000
120.570000
120.761000
120.941000
121.089000
121.228000
121.459000
121.625000
121.774000
121.927000
122.077000
122.230000
122.373000
122.745000
122.933000
123.131000
123.296000
123.450000
123.611000
123.817000
124.025000
124.249000
124.475000
124.600000
124.833000
124.935000
125.194000
125.630000
125.786000
125.948000
126.152000
126.308000
126.453000
126.638000
126.767000
126.844000
127.049000
127.216000
127.399000
127.586000
127.731000
127.981000
128.128000
128.280000
128.459000
128.638000
128.828000
129.057000
129.240000
129.450000
129.643000
129.795000
129.937000
130.106000
130.269000
130.403000
130.528000
130.708000
130.924000
131.112000
131.396000
131.570000
131.747000
131.950000
132.172000
132.361000
132.508000
132.652000
132.874000
133.026000
133.227000
133.438000
133.592000
133.738000
133.878000
134.004000
134.129000
134.285000
134.441000
134.627000
134.809000
134.994000
135.089000
135.210000
135.428000
135.599000
135.778000
135.954000
136.123000
136.381000
136.515000
136.792000
137.011000
137.191000
137.397000
137.597000
137.788000
137.982000
138.203000
138.361000
138.529000
138.707000
138.892000
139.017000
139.158000
139.316000
139.523000
139.814000
140.033000
140.200000
140.399000
140.587000
140.778000
140.976000
141.120000
141.290000
141.463000
141.613000
141.748000
141.898000
142.032000
142.272000
142.398000
142.561000
142.726000
142.936000
143.164000
143.340000
143.529000
143.723000
143.955000
144.118000
144.306000
144.493000
144.669000
144.806000
145.019000
145.188000
145.338000
145.527000
145.723000
145.882000
146.010000
146.346000
146.491000
146.682000
146.858000
147.013000
147.213000
147.548000
147.695000
147.834000
147.981000
148.171000
148.402000
148.575000
148.785000
148.999000
149.206000
149.431000
149.629000
149.809000
150.034000
150.253000
150.446000
150.832000
151.085000
151.264000
151.515000
151.743000
151.916000
152.076000
152.258000
152.419000
152.577000
152.810000
152.948000
153.065000
153.284000
153.409000
153.559000
153.840000
154.034000
154.237000
154.471000
154.702000
154.879000
155.060000
155.337000
155.507000
155.685000
156.002000
156.231000
156.421000
156.573000
156.744000
156.907000
157.125000
157.306000
157.454000
157.618000
157.783000
157.945000
158.105000
158.260000
158.399000
158.549000
158.753000
158.904000
159.047000
159.276000
159.446000
159.643000
159.845000
159.945000
160.137000
160.304000
160.491000
160.609000
160.755000
160.974000
161.169000
161.316000
161.589000
161.768000
161.960000
162.226000
162.419000
162.595000
162.759000
162.900000
163.028000
163.196000
163.411000
163.611000
163.807000
163.976000
164.297000
164.538000
164.632000
164.826000
165.005000
165.159000
165.430000
165.627000
165.783000
166.135000
166.290000
166.519000
166.612000
166.825000
166.959000
167.117000
167.293000
167.490000
167.675000
167.917000
168.084000
168.262000
168.445000
168.669000
168.871000
169.067000
169.306000
169.495000
169.672000
169.873000
170.036000
170.221000
170.454000
170.638000
170.809000
171.083000
171.253000
171.441000
171.615000
171.788000
171.953000
172.195000
172.345000
172.496000
172.686000
172.866000
172.998000
173.168000
173.344000
173.549000
173.733000
173.912000
174.097000
174.261000
174.396000
174.581000
174.736000
174.904000
175.064000
175.209000
175.359000
175.500000
175.674000
175.833000
175.982000
176.130000
176.273000
176.423000
176.585000
176.732000
176.898000
177.046000
177.220000
177.367000
177.510000
177.657000
177.787000
177.937000
178.141000
178.313000
178.502000
178.694000
178.847000
178.993000
179.251000
179.343000
179.494000
179.714000
180.092000
180.230000
180.387000
180.545000
180.731000
180.927000
181.062000
181.194000
181.337000
181.588000
181.784000
181.963000
182.185000
182.381000
182.550000
182.718000
182.883000
183.071000
183.309000
183.506000
183.669000
183.845000
184.027000
184.127000
184.346000
184.609000
184.828000
184.969000
185.147000
185.425000
185.629000
185.798000
185.941000
186.086000
186.173000
186.325000
186.512000
186.708000
186.839000
186.989000
187.136000
187.339000
187.643000
187.843000
188.011000
188.205000
188.375000
188.513000
188.694000
188.854000
189.008000
189.194000
189.364000
189.583000
189.768000
190.022000
190.137000
190.271000
190.433000
190.627000
190.734000
190.954000
191.147000
191.367000
191.571000
191.739000
191.922000
192.117000
192.287000
192.488000
192.664000
192.848000
193.018000
193.173000
193.302000
193.421000
193.542000
193.686000
193.859000
194.000000
194.159000
194.442000
194.593000
194.738000
195.086000
195.297000
195.428000
195.724000
195.859000
196.006000
196.514000
196.666000
196.839000
196.985000
197.158000
197.323000
197.489000
197.664000
197.853000
198.008000
198.188000
198.324000
198.525000
198.662000
198.934000
199.159000
199.369000
199.585000
199.772000
199.990000
200.165000
200.424000
200.608000
200.764000
200.950000
201.143000
201.244000
201.492000
201.618000
201.827000
201.956000
202.075000
202.205000
202.337000
202.506000
202.701000
202.826000
202.970000
203.106000
203.238000
203.400000
203.553000
203.680000
203.798000
203.968000
204.111000
204.285000
204.433000
204.582000
204.706000
204.922000
205.056000
205.214000
205.394000
205.580000
205.710000
205.856000
206.042000
206.221000
206.414000
206.627000
206.795000
206.943000
207.070000
207.233000
207.378000
207.530000
207.683000
207.872000
208.037000
208.180000
208.338000
208.484000
208.646000
208.799000
208.944000
209.088000
209.338000
209.523000
209.703000
209.898000
210.016000
210.177000
210.376000
210.610000
210.754000
210.887000
211.024000
211.245000
211.424000
211.617000
211.807000
211.951000
212.076000
212.233000
212.387000
212.552000
212.724000
212.959000
213.150000
213.303000
213.504000
213.729000
213.968000
214.106000
214.241000
214.413000
214.571000
214.741000
214.930000
215.103000
215.265000
215.437000
215.591000
215.729000
215.931000
216.122000
216.288000
216.431000
216.580000
216.769000
216.975000
217.207000
217.390000
217.585000
217.944000
218.187000
218.396000
218.724000
218.939000
219.147000
219.298000
219.439000
219.633000
219.838000
219.994000
220.124000
220.308000
220.496000
220.653000
220.781000
221.061000
221.240000
221.430000
221.592000
221.759000
221.883000
222.077000
222.237000
222.422000
222.655000
222.964000
223.116000
223.294000
223.549000
223.707000
223.850000
224.010000
224.195000
224.366000
224.530000
224.734000
224.938000
225.143000
225.303000
225.435000
225.582000
225.740000
225.892000
226.088000
226.290000
226.464000
226.658000
226.873000
227.041000
227.200000
227.413000
227.584000
227.736000
227.882000
228.035000
228.194000
228.372000
228.522000
228.676000
228.826000
229.036000
229.180000
229.325000
229.488000
229.655000
229.793000
230.067000
230.256000
230.402000
230.569000
230.740000
230.899000
231.130000
231.270000
231.400000
231.598000
231.824000
231.997000
232.154000
232.311000
232.476000
232.623000
232.806000
232.956000
233.124000
233.297000
233.457000
233.652000
233.833000
234.021000
234.226000
234.419000
234.585000
234.760000
234.982000
235.177000
235.374000
235.566000
235.751000
235.999000
236.218000
236.401000
236.598000
236.778000
236.943000
237.148000
237.338000
237.532000
237.725000
237.894000
238.052000
238.249000
238.511000
238.704000
238.886000
239.092000
239.288000
239.503000
239.724000
239.962000
240.134000
240.305000
240.497000
240.692000
240.838000
241.023000
241.200000
241.335000
241.483000
241.786000
241.958000
242.085000
242.245000
242.423000
242.581000
242.779000
243.009000
243.147000
243.340000
243.739000
243.887000
244.034000
244.196000
244.365000
244.546000
244.698000
244.883000
245.102000
245.336000
245.521000
245.686000
245.878000
246.015000
246.157000
246.344000
246.495000
246.651000
246.887000
247.103000
247.258000
247.444000
247.674000
247.882000
248.086000
248.267000
248.490000
248.699000
248.892000
249.098000
249.315000
249.503000
249.804000
249.929000
250.127000
250.298000
250.477000
250.651000
250.885000
251.087000
251.243000
251.388000
251.529000
251.689000
251.897000
252.086000
252.264000
252.403000
252.595000
252.748000
252.895000
253.115000
253.314000
253.521000
253.842000
253.989000
254.109000
254.308000
254.444000
254.637000
254.790000
255.025000
255.178000
255.374000
255.556000
255.766000
255.979000
256.198000
256.375000
256.565000
256.865000
256.959000
257.173000
257.459000
257.681000
257.885000
258.087000
258.286000
258.471000
258.633000
258.967000
259.136000
259.329000
259.489000
259.669000
259.836000
260.126000
260.283000
260.449000
260.622000
260.811000
260.962000
261.117000
261.308000
261.449000
261.632000
261.783000
261.938000
262.062000
262.289000
262.481000
262.692000
262.866000
263.112000
263.317000
263.472000
263.631000
263.828000
263.965000
264.120000
264.312000
264.488000
264.695000
264.866000
265.050000
265.311000
265.517000
265.672000
265.832000
266.011000
266.194000
266.347000
266.554000
266.760000
266.932000
267.113000
267.291000
267.492000
267.643000
267.798000
268.002000
268.169000
268.320000
268.484000
268.670000
268.922000
269.120000
269.268000
269.423000
269.584000
269.741000
269.874000
270.025000
270.195000
270.394000
270.571000
270.744000
270.942000
271.214000
271.342000
271.547000
271.914000
272.101000
272.279000
272.491000
272.647000
272.802000
273.050000
273.264000
273.470000
273.696000
273.869000
274.074000
274.228000
274.412000
274.568000
274.714000
274.959000
275.125000
275.261000
275.396000
275.559000
275.761000
275.906000
276.066000
276.255000
276.455000
276.620000
276.794000
277.019000
277.205000
277.397000
277.601000
277.802000
278.006000
278.194000
278.360000
278.595000
278.818000
279.027000
279.456000
279.658000
279.806000
280.000000
280.171000
280.345000
280.564000
280.889000
281.055000
281.226000
281.409000
281.576000
281.832000
282.004000
282.145000
282.276000
282.431000
282.587000
282.825000
283.130000
283.282000
283.386000
283.591000
283.768000
283.967000
284.122000
284.275000
284.443000
284.631000
284.830000
285.069000
285.237000
285.497000
285.630000
285.797000
285.945000
286.236000
286.370000
286.504000
286.656000
286.809000
286.964000
287.079000
287.209000
287.451000
287.614000
287.764000
287.916000
288.057000
288.207000
288.365000
288.692000
288.858000
289.017000
289.256000
289.400000
289.596000
289.727000
289.885000
290.030000
290.174000
290.338000
290.501000
290.607000
290.727000
290.900000
291.053000
291.232000
291.432000
291.585000
291.797000
292.040000
292.228000
292.333000
292.568000
292.711000
292.871000
293.001000
293.148000
293.273000
293.455000
293.696000
293.864000
294.036000
294.302000
294.482000
294.615000
294.788000
294.963000
295.175000
295.387000
295.547000
295.665000
295.825000
295.997000
296.163000
296.330000
296.475000
296.640000
296.816000
296.979000
297.115000
297.227000
297.419000
297.589000
297.757000
297.970000
298.129000
298.279000
298.419000
298.590000
298.768000
298.928000
299.113000
299.250000
299.491000
299.640000
299.779000
299.937000
300.132000
300.298000
300.452000
300.702000
300.863000
301.030000
301.182000
301.323000
301.474000
301.691000
301.871000
302.063000
302.231000
302.378000
302.552000
302.754000
302.987000
303.176000
303.352000
303.528000
303.738000
303.956000
304.211000
304.430000
304.649000
304.939000
305.107000
305.224000
305.382000
305.581000
305.736000
305.891000
306.086000
306.273000
306.458000
306.726000
306.894000
307.049000
307.240000
307.399000
307.535000
307.705000
307.902000
308.070000
308.288000
308.447000
308.631000
308.806000
309.062000
309.288000
309.488000
309.631000
309.754000
309.998000
310.148000
310.299000
310.455000
310.594000
310.674000
310.947000
311.076000
311.230000
311.397000
311.558000
311.730000
311.903000
312.154000
312.257000
312.454000
312.649000
312.805000
312.945000
313.136000
313.265000
313.428000
313.709000
313.924000
314.136000
314.354000
314.618000
314.853000
315.108000
315.302000
315.484000
315.631000
315.973000
316.160000
316.361000
316.575000
316.760000
317.013000
317.237000
317.377000
317.515000
317.686000
317.878000
318.056000
318.260000
318.383000
318.557000
318.805000
318.935000
319.212000
319.431000
319.773000
319.924000
320.102000
320.264000
320.398000
320.662000
320.841000
320.951000
321.132000
321.262000
321.475000
321.669000
321.871000
322.037000
322.186000
322.374000
322.488000
322.648000
322.808000
323.039000
323.237000
323.516000
323.680000
323.860000
324.008000
324.174000
324.325000
324.496000
324.690000
324.861000
325.092000
325.273000
325.434000
325.593000
325.755000
325.899000
326.069000
326.231000
326.436000
326.618000
326.776000
326.929000
327.095000
327.234000
327.444000
327.710000
327.910000
328.112000
328.234000
328.379000
328.584000
328.800000
329.033000
329.205000
329.340000
329.478000
329.724000
329.854000
330.022000
330.337000
330.526000
330.623000
330.756000
330.907000
331.063000
331.263000
331.423000
331.598000
331.771000
331.927000
332.067000
332.256000
332.597000
332.700000
332.913000
333.144000
333.236000
333.467000
333.638000
333.917000
334.126000
334.350000
334.540000
334.742000
334.946000
335.142000
335.351000
335.600000
335.754000
336.012000
336.223000
336.418000
336.596000
336.770000
336.924000
337.110000
337.304000
337.441000
337.621000
337.841000
338.035000
338.509000
338.668000
338.861000
339.039000
339.184000
339.419000
339.581000
339.748000
339.909000
340.066000
340.193000
340.349000
340.503000
340.670000
340.835000
340.990000
341.144000
341.302000
341.574000
341.677000
341.807000
342.029000
342.173000
342.306000
342.508000
342.649000
342.801000
342.997000
343.184000
343.289000
343.437000
343.567000
343.694000
343.907000
344.152000
344.320000
344.474000
344.619000
344.801000
344.968000
345.133000
345.346000
345.507000
345.724000
345.947000
346.179000
346.384000
346.563000
346.747000
346.902000
347.097000
347.247000
347.417000
347.600000
347.790000
348.025000
348.270000
348.418000
348.571000
348.732000
348.873000
349.048000
349.242000
349.424000
349.578000
349.729000
349.885000
350.031000
350.197000
350.354000
350.529000
350.684000
350.855000
351.006000
351.163000
351.320000
351.482000
351.640000
351.807000
351.972000
352.167000
352.337000
352.540000
352.714000
352.851000
352.989000
353.121000
353.293000
353.423000
353.571000
353.710000
353.975000
354.119000
354.258000
354.422000
354.650000
354.891000
355.124000
355.230000
355.450000
355.629000
355.788000
356.062000
356.269000
356.528000
356.715000
356.884000
357.085000
357.301000
357.521000
357.728000
357.955000
358.171000
358.365000
358.615000
358.772000
358.941000
359.148000
359.292000
359.471000
359.693000
359.938000
360.138000
360.403000
360.607000
360.835000
361.121000
361.305000
361.447000
361.667000
361.908000
362.092000
362.244000
362.350000
362.531000
362.702000
362.897000
363.045000
363.240000
363.611000
363.814000
363.996000
364.206000
364.384000
364.571000
364.761000
364.961000
365.135000
365.315000
365.516000
365.686000
365.829000
365.999000
366.184000
366.353000
366.506000
366.662000
366.846000
366.978000
367.157000
367.336000
367.512000
367.727000
367.889000
368.016000
368.294000
368.490000
368.637000
368.830000
369.005000
369.183000
369.408000
369.626000
369.776000
369.942000
370.174000
370.358000
370.528000
370.725000
370.881000
371.070000
371.299000
371.524000
371.691000
371.879000
372.091000
372.276000
372.440000
372.624000
372.799000
372.980000
373.214000
373.396000
373.589000
373.787000
373.956000
374.168000
374.286000
374.534000
374.722000
374.916000
375.272000
375.538000
375.663000
375.841000
376.024000
376.223000
376.415000
376.521000
376.723000
376.935000
377.126000
377.273000
377.451000
377.651000
377.828000
377.961000
378.164000
378.329000
378.478000
378.666000
378.854000
379.058000
379.224000
379.402000
379.577000
379.775000
379.966000
380.105000
380.234000
380.431000
380.614000
380.765000
380.916000
381.100000
381.243000
381.400000
381.571000
381.717000
381.866000
382.054000
382.261000
382.433000
382.590000
382.784000
382.997000
383.109000
383.351000
383.450000
383.609000
383.749000
383.936000
384.172000
384.356000
384.679000
384.778000
385.004000
385.165000
385.286000
385.447000
385.590000
385.738000
385.930000
386.049000
386.200000
386.400000
386.557000
386.703000
386.826000
387.048000
387.208000
387.403000
387.543000
387.718000
387.860000
387.989000
388.145000
388.293000
388.449000
388.612000
388.803000
388.995000
389.143000
389.294000
389.419000
389.545000
389.703000
389.906000
390.053000
390.222000
390.386000
390.578000
390.724000
390.878000
391.085000
391.323000
391.479000
391.602000
391.763000
391.919000
392.134000
392.282000
392.438000
392.597000
392.742000
392.898000
393.043000
393.195000
393.376000
393.512000
393.817000
393.967000
394.126000
394.279000
394.422000
394.553000
394.657000
394.806000
394.997000
395.185000
395.327000
395.439000
395.588000
395.744000
395.886000
396.082000
396.226000
396.351000
396.504000
396.690000
396.938000
397.096000
397.213000
397.365000
397.490000
397.634000
397.820000
397.953000
398.080000
398.221000
398.447000
398.612000
398.775000
398.969000
399.166000
399.323000
399.534000
399.700000
399.835000
399.977000
400.112000
400.241000
400.415000
400.574000
400.723000
400.887000
400.976000
401.119000
401.274000
401.401000
401.579000
401.744000
401.938000
402.086000
402.258000
402.378000
402.538000
402.756000
402.900000
403.035000
403.262000
403.455000
403.643000
403.807000
403.987000
404.146000
404.296000
404.525000
404.673000
404.828000
404.967000
405.152000
405.323000
405.514000
405.686000
405.853000
405.991000
406.185000
406.337000
406.506000
406.687000
406.868000
407.049000
407.232000
407.421000
407.626000
407.760000
407.923000
408.064000
408.219000
408.405000
408.550000
408.715000
408.966000
409.149000
409.302000
409.495000
409.681000
409.817000
410.005000
410.209000
410.362000
410.506000
410.712000
410.872000
411.035000
411.179000
411.338000
411.476000
411.692000
411.965000
412.120000
412.213000
412.443000
412.638000
412.783000
412.972000
413.154000
413.331000
413.481000
413.639000
413.797000
414.018000
414.185000
414.328000
414.486000
414.653000
414.831000
414.989000
415.205000
415.335000
415.478000
415.644000
415.817000
415.981000
416.189000
416.348000
416.503000
416.700000
416.843000
416.955000
417.090000
417.268000
417.551000
417.752000
417.916000
418.075000
418.243000
418.404000
418.546000
418.700000
418.849000
418.996000
419.156000
419.360000
419.673000
419.898000
420.059000
420.384000
420.576000
420.777000
420.955000
421.133000
421.322000
421.505000
421.703000
421.850000
422.063000
422.303000
422.499000
422.581000
422.799000
422.978000
423.189000
423.330000
423.427000
423.627000
423.750000
423.925000
424.087000
424.321000
424.529000
424.694000
424.866000
425.090000
425.275000
425.428000
425.601000
425.814000
426.010000
426.150000
426.340000
426.589000
426.726000
426.868000
427.071000
427.275000
427.503000
427.638000
427.797000
427.996000
428.139000
428.314000
428.517000
428.793000
428.959000
429.096000
429.256000
429.403000
429.530000
429.689000
429.878000
430.090000
430.285000
430.450000
430.601000
430.761000
430.919000
431.098000
431.277000
431.464000
431.609000
431.745000
431.944000
432.087000
432.231000
432.379000
432.536000
432.719000
432.882000
433.056000
433.238000
433.434000
433.593000
433.763000
433.930000
434.086000
434.346000
434.594000
434.730000
434.888000
435.010000
435.110000
435.292000
435.435000
435.581000
435.736000
435.900000
436.045000
436.207000
436.354000
436.580000
436.735000
436.949000
437.116000
437.265000
437.413000
437.585000
437.762000
437.929000
438.115000
438.338000
438.481000
438.623000
438.765000
438.900000
439.214000
439.357000
439.487000
439.633000
439.781000
439.923000
440.078000
440.222000
440.369000
440.532000
440.669000
440.816000
440.980000
441.166000
441.314000
441.448000
441.585000
441.730000
441.871000
442.035000
442.204000
442.305000
442.473000
442.643000
442.805000
442.943000
443.080000
443.257000
443.429000
443.664000
443.755000
443.956000
444.156000
444.303000
444.406000
444.561000
444.705000
444.911000
445.056000
445.213000
445.392000
445.528000
445.660000
445.826000
446.071000
446.253000
446.413000
446.564000
446.797000
447.118000
447.295000
447.462000
447.675000
447.899000
448.084000
448.270000
448.490000
448.643000
448.821000
449.005000
449.229000
449.399000
449.542000
449.837000
449.983000
450.123000
450.255000
450.446000
450.622000
450.791000
450.960000
451.173000
451.363000
451.522000
451.731000
451.918000
452.110000
452.238000
452.399000
452.594000
452.781000
452.969000
453.127000
453.256000
453.435000
453.608000
453.740000
453.900000
454.067000
454.243000
454.403000
454.600000
454.813000
455.036000
455.155000
455.380000
455.545000
455.713000
455.815000
455.957000
456.080000
456.338000
456.444000
456.663000
456.845000
457.175000
457.319000
457.518000
457.703000
457.891000
458.043000
458.227000
458.392000
458.509000
458.670000
458.850000
459.028000
459.245000
459.408000
459.608000
459.757000
459.929000
460.153000
460.329000
460.470000
460.619000
460.824000
460.944000
461.228000
461.393000
461.556000
461.744000
461.923000
462.086000
462.227000
462.403000
462.597000
462.763000
462.914000
463.089000
463.355000
463.537000
463.762000
463.922000
464.107000
464.316000
464.474000
464.635000
464.868000
465.070000
465.269000
465.491000
465.672000
465.833000
466.004000
466.159000
466.306000
466.499000
466.677000
466.803000
466.938000
467.113000
467.285000
467.419000
467.559000
467.741000
467.938000
468.091000
468.238000
468.431000
468.571000
468.671000
468.835000
469.014000
469.207000
469.402000
469.601000
469.801000
469.961000
470.108000
470.292000
470.493000
470.665000
470.827000
471.010000
471.164000
471.345000
471.538000
471.691000
471.855000
472.020000
472.157000
472.353000
472.595000
472.782000
472.935000
473.117000
473.292000
473.467000
473.691000
473.868000
474.038000
474.220000
474.447000
474.596000
474.780000
474.983000
475.176000
475.275000
475.478000
475.650000
475.802000
475.960000
476.104000
476.340000
476.673000
476.872000
477.024000
477.176000
477.379000
477.502000
477.680000
477.895000
478.105000
478.328000
478.487000
478.684000
478.847000
479.013000
479.203000
479.341000
479.473000
479.631000
479.816000
479.969000
480.127000
480.277000
480.440000
480.622000
480.768000
481.022000
481.208000
481.372000
481.576000
481.782000
481.914000
482.062000
482.191000
482.313000
482.463000
482.610000
482.790000
482.955000
483.103000
483.274000
483.408000
483.584000
483.748000
483.972000
484.154000
484.301000
484.451000
484.641000
484.775000
485.003000
485.175000
485.341000
485.475000
485.616000
485.790000
485.931000
486.086000
486.254000
486.412000
486.595000
486.769000
486.858000
487.097000
487.248000
487.385000
487.557000
487.728000
487.849000
488.006000
488.209000
488.363000
488.565000
488.842000
488.980000
489.121000
489.300000
489.482000
489.628000
489.770000
489.908000
490.062000
490.203000
490.383000
490.548000
490.697000
490.845000
490.998000
491.124000
491.335000
491.580000
491.720000
491.896000
492.039000
492.201000
492.403000
492.557000
492.685000
492.943000
493.058000
493.238000
493.471000
493.573000
493.736000
493.930000
494.143000
494.319000
494.504000
494.672000
494.866000
495.014000
495.210000
495.358000
495.500000
495.651000
495.827000
496.012000
496.211000
496.404000
496.572000
496.764000
496.914000
497.160000
497.367000
497.550000
497.712000
497.906000
498.099000
498.255000
498.455000
498.658000
498.882000
499.048000
499.196000
499.377000
499.592000
499.787000
499.935000
500.080000
500.253000
500.421000
500.583000
500.763000
500.922000
501.086000
501.292000
501.448000
501.696000
501.887000
502.070000
502.288000
502.486000
502.637000
502.777000
503.004000
503.174000
503.343000
503.558000
503.718000
503.877000
504.029000
504.180000
504.343000
504.535000
504.692000
504.836000
505.004000
505.134000
505.239000
505.446000
505.572000
505.716000
505.888000
506.017000
506.190000
506.323000
506.527000
506.669000
506.851000
507.022000
507.151000
507.274000
507.445000
507.598000
507.762000
507.897000
508.046000
508.178000
508.310000
508.442000
508.613000
508.699000
508.891000
509.021000
509.151000
509.313000
509.437000
509.590000
509.737000
509.931000
510.010000
510.142000
510.445000
510.626000
510.803000
510.990000
511.175000
511.298000
511.452000
511.588000
511.728000
511.892000
512.076000
512.196000
512.386000
512.529000
512.669000
512.826000
512.986000
513.136000
513.259000
513.402000
513.540000
513.710000
513.888000
514.030000
514.140000
514.303000
514.495000
514.713000
514.916000
515.201000
515.401000
515.606000
515.819000
516.001000
516.211000
516.407000
516.639000
516.813000
517.060000
517.223000
517.401000
517.607000
517.775000
517.967000
518.161000
518.316000
518.503000
518.715000
518.874000
519.010000
519.235000
519.364000
519.488000
519.633000
519.783000
519.927000
520.123000
520.302000
520.469000
520.587000
520.749000
520.986000
521.152000
521.322000
521.489000
521.668000
521.803000
521.950000
522.127000
522.321000
522.539000
522.754000
522.927000
523.126000
523.322000
523.531000
523.727000
523.948000
524.219000
524.330000
524.591000
524.823000
524.975000
525.182000
525.400000
525.608000
525.788000
525.987000
526.121000
526.260000
526.411000
526.703000
526.849000
526.996000
527.150000
527.311000
527.531000
527.602000
527.782000
527.913000
528.078000
528.204000
